tests/data/CODG0080.20I
     1.0            IONOSPHERE MAPS     GNSS                IONEX VERSION / TYPE
ADDNEQ2 V5.3        AIUB                12-JAN-20 20:15     PGM / RUN BY / DATE 
CODE'S GLOBAL IONOSPHERE MAPS FOR DAY 008, 2020             COMMENT             
Global ionosphere maps (GIM) are generated on a daily basis DESCRIPTION         
at CODE using data from about 300 GNSS sites of the IGS and DESCRIPTION         
other institutions. The vertical total electron content     DESCRIPTION         
(VTEC) is modeled in a solar-geomagnetic reference frame    DESCRIPTION         
using a spherical harmonics expansion up to degree and      DESCRIPTION         
order 15. Piece-wise linear functions are used for          DESCRIPTION         
representation in the time domain. The time spacing of      DESCRIPTION         
their vertices is 1 hour, conforming with the epochs of the DESCRIPTION         
VTEC maps.                                                  DESCRIPTION         
To convert line-of-sight TEC into vertical TEC, a modified  DESCRIPTION         
single-layer model mapping function approximating the JPL   DESCRIPTION         
extended slab model mapping function is adopted. The        DESCRIPTION         
mapping function is evaluated at geodetic satellite         DESCRIPTION         
elevation angles. For the computation of the ionospheric    DESCRIPTION         
pierce points, a spherical layer with a radius of 6821 km   DESCRIPTION         
is assumed, implying geocentric, not geodetic IONEX         DESCRIPTION         
latitudes.                                                  DESCRIPTION         
Instrumental biases with respect to each involved GNSS code DESCRIPTION         
observable are estimated as constant values for each        DESCRIPTION         
day. They are modeled with one set of bias parameters for   DESCRIPTION         
each satellite and each station in case of GPS and for each DESCRIPTION         
satellite-station link in case of GLONASS. The code bias    DESCRIPTION         
datum is defined by zero-mean conditions imposed on the     DESCRIPTION         
satellite bias estimates. In this file, just GPS C1W-C2W    DESCRIPTION         
satellite and station bias values are included. The         DESCRIPTION         
complete set of GNSS code bias results is provided in an    DESCRIPTION         
additional Bias-SINEX file as pseudo-absolute values        DESCRIPTION         
specific to each observable.                                DESCRIPTION         
Note: These GIM results correspond to the results for the   DESCRIPTION         
middle day of a 3-day combination analysis solving for 73   DESCRIPTION         
times 256, or 18688 VTEC parameters and 3 daily sets of     DESCRIPTION         
GNSS code bias parameters.                                  DESCRIPTION         
Contact address: code(at)aiub.unibe.ch                      DESCRIPTION         
Data archive:    ftp.aiub.unibe.ch/CODE/                    DESCRIPTION         
                 www.aiub.unibe.ch/download/CODE/           DESCRIPTION         
  2020     1     8     0     0     0                        EPOCH OF FIRST MAP  
  2020     1     9     0     0     0                        EPOCH OF LAST MAP   
  3600                                                      INTERVAL            
[...]
cedu cefe chpg chpi chti chur ckis cnmr cord cpvg cro1 daej COMMENT             
darw dav1 dgar dhlg drao dubo ebre faa1 fair flin flrs frdn COMMENT             
ftna func ganp glps glsv gmsd gode godz gol2 gold gope gras COMMENT             
graz guam guat guug harb hers hert hlfx hnpt hob2 hofn holb COMMENT             
hrao hyde ieng iisc impz ineg invk iqal irkj isba joz2 joze COMMENT             
karr kerg kir0 kiri kiru kit3 kokb kokv kouc koug kour krgg COMMENT             
lama laut lhaz lmmf lpal lpgs m0se mac1 madr maju mal2 mana COMMENT             
mas1 mat1 mate maui maw1 mcm4 mdvj medi mets mgue mizu mkea COMMENT             
mnls mobj mobk mobs monp morp mqzg mro1 mtka nano naur nico COMMENT             
nist nium nklg nlib nnor nrc1 nril nrmd ntus nya1 nyal ohi2 COMMENT             
ohi3 onsa opmt ous2 pado parc park pdel penc pert pfa2 pie1 COMMENT             
pimo pol2 polv pots pove prds ptbb qaq1 quin ramo reun reyk COMMENT             
rgdg rio2 riop roth salu samo sant savo sch2 scor scrz sctb COMMENT             
seyg sfer smst sofi spt0 sthl stjo stk2 str2 suth sutm sydn COMMENT             
syog tabl tabv tash thtg thti thu2 tid1 tidb tixg tixi tlse COMMENT             
tn22 tong tow2 tro1 tsea tskb twtf txes uclu ufpr ulab unb3 COMMENT             
unbj unbn unsa untr urum usn7 usud vaco vald vill voim vtsp COMMENT             
wab1 wab2 wark wgtn whit will wind wsrt wtza wtzl wtzr wtzs COMMENT             
wtzz xmis yakt yar3 yarr yell ykro yssk zeck zim2 zim3 zimm COMMENT             
                                                            END OF HEADER       
[from data line 4719]
    12                                                      START OF TEC MAP    
  2020     1     8    11     0     0                        EPOCH OF CURRENT MAP
    87.5-180.0 180.0   5.0 450.0                            LAT/LON1/LON2/DLON/H
   24   25   25   25   25   25   25   26   26   26   26   26   25   25   25   25
   25   25   24   24   24   24   24   23   23   23   23   23   22   22   22   22
   22   21   21   21   21   21   21   20   20   20   20   20   20   20   20   20
   20   20   20   20   20   20   20   20   21   21   21   21   21   21   22   22
   22   22   23   23   23   24   24   24   24
    85.0-180.0 180.0   5.0 450.0                            LAT/LON1/LON2/DLON/H
   23   24   25   25   26   26   26   26   26   26   26   26   26   25   25   24
   24   23   23   23   22   22   21   21   21   21   20   20   20   20   19   19
   19   18   18   18   18   17   17   17   16   16   16   16   16   16   16   16
   16   16   16   16   16   16   16   16   16   17   17   17   17   17   18   18
   19   19   20   20   21   21   22   23   23
    82.5-180.0 180.0   5.0 450.0                            LAT/LON1/LON2/DLON/H
   21   22   23   24   25   25   26   26   26   26   25   25   24   23   23   22
   21   20   20   19   18   18   18   17   17   17   17   17   17   17   17   16
   16   16   15   15   15   14   14   13   13   12   12   12   12   12   12   12
   12   12   12   12   12   12   12   12   12   12   12   12   12   12   12   13
   13   14   14   15   16   17   18   19   21
    80.0-180.0 180.0   5.0 450.0                            LAT/LON1/LON2/DLON/H
   16   18   20   21   23   24   24   25   24   24   23   23   21   20   19   18
   17   16   15   15   14   14   14   14   14   14   14   14   14   14   14   15
   14   14   14   13   13   12   11   11   10   10    9    9    9    9    9    9
    9   10   10   10   10   10    9    9    9    8    8    8    7    7    7    7
    7    7    8    9   10   11   13   15   16
    77.5-180.0 180.0   5.0 450.0                            LAT/LON1/LON2/DLON/H
   12   14   17   19   20   21   22   22   22   22   21   19   18   17   15   14
   13   12   12   11   11   11   11   11   11   11   12   12   12   13   13   14
   14   14   14   13   13   12   11   10    9    8    8    8    8    8    9    9
    9    9   10    9    9    9    8    8    7    6    5    5    4    3    2    2
    2    2    2    3    4    6    8   10   12
    75.0-180.0 180.0   5.0 450.0                            LAT/LON1/LON2/DLON/H
    9   11   14   16   17   19   19   20   19   18   17   16   15   13   12   11
   10   10   10    9    9    9    9   10   10   10   10   11   11   12   13   14
   14   15   15   15   14   13   12   11   10    9    9    9   10   10   11   11
   12   12   12   11   10    9    8    7    6    5    4    4    3    2    1    0
    0    0    0    0    0    2    4    6    9
    72.5-180.0 180.0   5.0 450.0                            LAT/LON1/LON2/DLON/H
    8   10   12   14   15   16   16   16   16   15   14   13   12   11   10   10
   10   10   10   10   10   10   10   10   10   10   10   10   11   12   13   14
   15   16   17   17   17   16   15   14   13   13   13   13   14   15   16   16
   17   16   15   14   12   10    9    7    6    5    5    4    3    2    1    0
    0    0    0    0    0    1    3    5    8
    70.0-180.0 180.0   5.0 450.0                            LAT/LON1/LON2/DLON/H
    9   11   12   13   13   14   14   13   12   12   11   10    9    9    9   10
   10   11   12   13   13   13   13   12   12   11   10   10   10   11   12   14
   16   18   19   20   21   20   20   19   18   18   18   19   20   21   22   23
   23   22   20   17   14   11    9    7    6    6    6    6    6    5    4    3
    2    1    1    2    3    4    6    8    9
    67.5-180.0 180.0   5.0 450.0                            LAT/LON1/LON2/DLON/H
   13   14   14   13   13   12   11   10    9    8    8    7    7    8    9   11
   12   14   15   16   16   16   15   14   13   12   10   10   10   10   12   14
   17   20   22   24   24   25   24   24   24   24   25   26   27   29   30   30
   30   28   25   21   16   12    9    6    6    6    7    8    9    9    9    8
    7    6    6    7    8   10   11   12   13
    65.0-180.0 180.0   5.0 450.0                            LAT/LON1/LON2/DLON/H
   19   18   17   15   14   12   10    9    7    6    5    5    6    7    9   12
   14   16   18   19   18   18   16   15   14   12   11   10    9   10   12   14
   18   21   24   27   28   29   29   29   30   30   31   33   34   36   37   37
   36   33   29   24   18   13    8    6    5    6    8   11   13   14   14   13
   12   12   12   13   15   17   18   19   19
    62.5-180.0 180.0   5.0 450.0                            LAT/LON1/LON2/DLON/H
   26   24   21   19   16   14   11    9    7    6    5    5    5    7   10   13
   15   18   19   19   18   17   15   14   13   12   11   10   10   11   12   15
   19   23   27   29   31   32   33   34   35   36   38   39   41   42   43   42
   41   38   34   27   21   14    9    5    5    7   10   13   16   18   18   17
   16   16   17   19   22   24   26   27   26
    60.0-180.0 180.0   5.0 450.0                            LAT/LON1/LON2/DLON/H
   32   30   27   24   21   18   15   12   10    8    6    5    6    7    9   12
   15   17   17   17   15   13   12   11   11   11   11   11   12   13   15   18
   22   26   29   32   33   35   36   38   40   42   44   45   46   46   47   46
   45   42   38   32   24   17   11    7    7    8   12   16   19   21   21   20
   19   19   21   24   27   31   33   33   32
    57.5-180.0 180.0   5.0 450.0                            LAT/LON1/LON2/DLON/H
   37   35   33   30   27   25   22   18   15   12   10    8    7    7    9   11
   13   14   14   12   10    8    7    7    9   11   13   14   15   17   20   23
   27   30   33   35   36   37   39   42   45   48   50   51   51   50   50   49
   48   46   43   37   30   23   17   12   11   12   16   19   22   23   23   21
   20   20   22   26   30   34   37   38   37
    55.0-180.0 180.0   5.0 450.0                            LAT/LON1/LON2/DLON/H
   40   39   38   37   36   34   31   27   24   20   16   12   10    8    8    9
   10   10   10    8    5    3    2    4    7   11   15   18   21   23   26   29
   33   36   38   39   39   40   42   46   50   54   56   56   55   53   52   52
   52   51   49   45   39   32   25   20   18   19   21   24   26   26   25   22
   20   20   22   26   31   35   38   40   40
    52.5-180.0 180.0   5.0 450.0                            LAT/LON1/LON2/DLON/H
   41   42   43   45   45   44   42   38   34   29   24   19   15   11    8    7
    7    7    6    4    2    0    0    2    7   12   18   23   27   30   33   37
   40   43   44   44   43   44   46   51   56   60   62   62   60   58   56   55
   55   56   55   53   48   42   36   31   27   27   27   29   30   29   27   24
   21   20   21   25   30   34   38   40   41
    50.0-180.0 180.0   5.0 450.0                            LAT/LON1/LON2/DLON/H
   40   44   47   51   54   55   53   50   45   40   35   29   22   16   11    8
    7    6    6    5    2    1    1    4    9   16   22   28   33   36   40   44
   47   50   50   50   49   49   52   57   63   68   70   69   66   63   61   60
   60   61   62   60   57   52   47   41   37   35   34   34   34   33   30   26
   23   21   21   24   29   33   36   38   40
    47.5-180.0 180.0   5.0 450.0                            LAT/LON1/LON2/DLON/H
   39   44   50   57   62   64   63   60   56   52   47   40   32   24   17   12
   10    9   10    9    8    7    7    9   14   20   27   33   38   42   46   50
   53   56   57   57   56   57   60   65   71   75   77   76   73   70   68   66
   66   67   67   67   64   61   56   51   46   43   41   40   39   37   34   30
   26   24   23   25   28   31   34   36   39
    45.0-180.0 180.0   5.0 450.0                            LAT/LON1/LON2/DLON/H
   38   44   52   60   67   70   70   68   66   63   59   54   46   36   27   21
   17   17   18   19   18   17   17   18   21   27   32   38   42   46   50   54
   58   61   63   64   64   65   69   74   79   82   84   83   81   78   76   74
   73   72   71   70   69   66   62   58   53   49   47   45   43   41   39   35
   31   28   27   28   29   31   33   35   38
    42.5-180.0 180.0   5.0 450.0                            LAT/LON1/LON2/DLON/H
   37   43   52   61   68   72   73   72   72   72   71   68   61   52   42   34
   30   29   31   32   32   31   29   29   31   34   38   42   46   49   53   57
   61   65   68   71   73   75   78   82   86   89   89   89   88   86   84   82
   79   76   74   73   71   69   65   62   58   54   51   49   47   45   43   40
   37   33   32   31   32   33   33   34   37
    40.0-180.0 180.0   5.0 450.0                            LAT/LON1/LON2/DLON/H
   37   42   50   59   66   70   72   73   75   78   81   81   77   70   60   51
   46   45   46   47   47   46   43   41   40   42   44   47   50   52   55   58
   63   68   73   77   81   84   88   91   93   93   93   93   93   94   93   90
   85   80   77   74   73   70   67   64   60   57   54   52   50   49   47   45
   42   39   37   36   36   36   35   35   37
    37.5-180.0 180.0   5.0 450.0                            LAT/LON1/LON2/DLON/H
   38   41   48   55   61   65   67   70   74   81   88   93   93   88   79   71
   64   61   61   62   61   59   55   52   50   49   50   52   54   56   58   61
   65   70   77   84   89   94   97   99   98   97   95   95   97  100  100   97
   91   86   82   79   77   74   71   67   64   61   58   56   54   52   51   49
   47   44   42   41   40   39   38   37   38
    35.0-180.0 180.0   5.0 450.0                            LAT/LON1/LON2/DLON/H
   39   41   45   51   55   58   61   64   71   81   92  101  105  104   98   89
   82   77   75   73   71   68   64   61   58   57   57   58   60   61   63   64
   68   74   82   90   97  102  106  106  103   99   96   97  101  105  106  104
   98   94   91   90   88   83   78   73   69   67   64   62   59   57   55   54
   52   50   47   45   44   43   41   39   39
    32.5-180.0 180.0   5.0 450.0                            LAT/LON1/LON2/DLON/H
   40   40   43   46   49   51   54   59   66   78   91  104  113  116  112  105
   96   89   84   80   77   73   69   66   63   63   63   65   67   69   70   71
   74   80   88   97  105  111  114  113  108  103   99  100  104  110  112  111
  108  106  107  108  106  100   91   83   78   75   73   70   67   63   61   59
   58   56   53   50   48   46   43   41   40
    30.0-180.0 180.0   5.0 450.0                            LAT/LON1/LON2/DLON/H
   41   40   41   43   45   46   49   54   61   72   86  101  114  121  121  115
  105   96   88   82   77   72   69   67   67   67   69   72   75   77   79   81
   84   89   97  106  114  119  122  120  115  109  104  105  110  116  119  120
  120  123  129  134  132  123  111   99   92   88   85   82   77   72   69   67
   66   63   60   55   51   48   45   43   41
    27.5-180.0 180.0   5.0 450.0                            LAT/LON1/LON2/DLON/H
   42   41   41   41   42   44   47   51   57   66   78   94  108  118  121  117
  108   97   87   79   73   68   66   66   68   71   74   78   83   86   90   92
   96  102  109  117  124  129  131  129  124  118  114  114  119  124  128  131
  135  144  156  165  164  152  134  118  108  103  100   95   89   82   78   76
   75   73   68   62   55   50   46   44   42
    25.0-180.0 180.0   5.0 450.0                            LAT/LON1/LON2/DLON/H
   43   42   42   42   43   44   47   50   54   60   69   83   98  110  115  112
  103   92   82   73   66   62   61   63   68   72   78   83   89   95  101  106
  111  117  124  130  135  139  141  141  137  132  129  129  132  136  140  144
  153  168  185  197  196  181  159  139  126  120  116  110  102   94   89   87
   86   84   78   69   59   52   47   44   43
    22.5-180.0 180.0   5.0 450.0                            LAT/LON1/LON2/DLON/H
   44   43   44   44   45   47   49   51   52   54   60   70   84   96  102  100
   93   83   73   64   58   55   56   61   67   73   79   86   94  102  111  119
  127  134  140  145  148  151  153  154  152  150  147  147  149  152  154  159
  171  190  212  225  222  204  179  157  142  135  130  123  113  104   98   97
   97   95   87   76   63   53   48   45   44
    20.0-180.0 180.0   5.0 450.0                            LAT/LON1/LON2/DLON/H
   45   45   45   47   48   50   52   53   52   51   52   59   70   81   87   86
   80   71   63   56   52   50   53   60   67   74   80   87   96  107  120  132
  142  150  156  159  161  163  166  168  169  169  168  168  169  169  170  175
  188  209  231  243  239  219  193  170  155  147  141  132  121  111  105  105
  106  104   96   82   67   55   49   45   45
    17.5-180.0 180.0   5.0 450.0                            LAT/LON1/LON2/DLON/H
   46   46   47   48   50   53   55   55   53   49   47   51   59   67   72   71
   66   60   55   50   48   49   53   61   69   75   81   88   98  111  126  142
  155  165  170  173  174  175  178  182  186  188  189  189  188  187  186  190
  202  220  239  249  243  223  198  177  164  156  148  137  125  114  108  108
  110  109  100   86   70   57   50   47   46
    15.0-180.0 180.0   5.0 450.0                            LAT/LON1/LON2/DLON/H
   46   46   46   48   50   53   56   56   54   49   46   46   51   57   60   59
   56   52   49   47   47   50   56   65   72   78   83   90  100  115  131  149
  164  175  181  183  184  185  189  195  201  205  207  207  205  203  201  202
  210  224  238  243  234  216  195  179  168  160  151  139  124  112  106  106
  109  108  100   86   71   59   52   48   46
    12.5-180.0 180.0   5.0 450.0                            LAT/LON1/LON2/DLON/H
   47   44   44   45   47   50   53   55   54   50   47   46   49   52   53   52
   49   47   46   47   49   54   62   71   78   83   87   94  104  118  135  153
  169  180  187  190  191  193  198  204  211  217  220  220  218  215  212  211
  215  222  228  227  218  204  189  178  170  162  152  137  121  108  101  100
  103  103   96   83   70   60   54   50   47
    10.0-180.0 180.0   5.0 450.0                            LAT/LON1/LON2/DLON/H
   47   42   40   40   41   44   48   52   53   51   49   48   49   51   51   49
   47   47   47   48   52   59   69   78   85   89   93   99  109  122  138  155
  170  181  188  192  194  198  203  210  217  223  227  227  226  223  220  217
  215  215  214  209  200  191  183  178  173  164  151  135  118  103   95   93
   94   94   88   78   67   60   56   52   47
     7.5-180.0 180.0   5.0 450.0                            LAT/LON1/LON2/DLON/H
   47   40   36   34   34   37   41   46   50   51   50   50   52   53   52   51
   49   49   49   51   56   65   76   86   93   97  100  106  115  126  140  154
  167  177  184  189  194  199  205  212  219  224  228  229  229  227  224  220
  215  209  202  194  188  184  183  182  178  168  153  135  117  101   91   87
   86   85   79   71   64   60   58   54   47
     5.0-180.0 180.0   5.0 450.0                            LAT/LON1/LON2/DLON/H
   48   39   33   29   28   30   34   39   45   48   50   52   53   54   54   53
   53   52   52   54   60   70   82   93  100  104  108  113  121  131  141  152
  162  171  178  185  191  198  205  211  217  222  225  227  228  228  226  222
  215  206  196  189  186  187  190  191  186  174  157  139  121  105   93   86
   83   80   74   67   63   61   60   56   48
     2.5-180.0 180.0   5.0 450.0                            LAT/LON1/LON2/DLON/H
   51   41   32   27   24   24   27   33   39   44   47   50   52   54   55   55
   55   55   54   56   62   73   87   99  106  111  115  120  126  134  141  148
  156  163  170  179  188  196  203  209  213  217  220  223  225  227  227  225
  219  209  200  195  196  201  206  206  197  182  164  147  130  115  102   93
   87   81   74   67   63   63   64   60   51
