tests/data/CODG0080.20I
     1.0            IONOSPHERE MAPS     GNSS                IONEX VERSION / TYPE
ADDNEQ2 V5.3        AIUB                12-JAN-20 20:15     PGM / RUN BY / DATE 
CODE'S GLOBAL IONOSPHERE MAPS FOR DAY 008, 2020             COMMENT             
Global ionosphere maps (GIM) are generated on a daily basis DESCRIPTION         
at CODE using data from about 300 GNSS sites of the IGS and DESCRIPTION         
other institutions. The vertical total electron content     DESCRIPTION         
(VTEC) is modeled in a solar-geomagnetic reference frame    DESCRIPTION         
using a spherical harmonics expansion up to degree and      DESCRIPTION         
order 15. Piece-wise linear functions are used for          DESCRIPTION         
representation in the time domain. The time spacing of      DESCRIPTION         
their vertices is 1 hour, conforming with the epochs of the DESCRIPTION         
VTEC maps.                                                  DESCRIPTION         
To convert line-of-sight TEC into vertical TEC, a modified  DESCRIPTION         
single-layer model mapping function approximating the JPL   DESCRIPTION         
extended slab model mapping function is adopted. The        DESCRIPTION         
mapping function is evaluated at geodetic satellite         DESCRIPTION         
elevation angles. For the computation of the ionospheric    DESCRIPTION         
pierce points, a spherical layer with a radius of 6821 km   DESCRIPTION         
is assumed, implying geocentric, not geodetic IONEX         DESCRIPTION         
latitudes.                                                  DESCRIPTION         
Instrumental biases with respect to each involved GNSS code DESCRIPTION         
observable are estimated as constant values for each        DESCRIPTION         
day. They are modeled with one set of bias parameters for   DESCRIPTION         
each satellite and each station in case of GPS and for each DESCRIPTION         
satellite-station link in case of GLONASS. The code bias    DESCRIPTION         
datum is defined by zero-mean conditions imposed on the     DESCRIPTION         
satellite bias estimates. In this file, just GPS C1W-C2W    DESCRIPTION         
satellite and station bias values are included. The         DESCRIPTION         
complete set of GNSS code bias results is provided in an    DESCRIPTION         
additional Bias-SINEX file as pseudo-absolute values        DESCRIPTION         
specific to each observable.                                DESCRIPTION         
Note: These GIM results correspond to the results for the   DESCRIPTION         
middle day of a 3-day combination analysis solving for 73   DESCRIPTION         
times 256, or 18688 VTEC parameters and 3 daily sets of     DESCRIPTION         
GNSS code bias parameters.                                  DESCRIPTION         
Contact address: code(at)aiub.unibe.ch                      DESCRIPTION         
Data archive:    ftp.aiub.unibe.ch/CODE/                    DESCRIPTION         
                 www.aiub.unibe.ch/download/CODE/           DESCRIPTION         
  2020     1     8     0     0     0                        EPOCH OF FIRST MAP  
  2020     1     9     0     0     0                        EPOCH OF LAST MAP   
  3600                                                      INTERVAL            
[...]
cedu cefe chpg chpi chti chur ckis cnmr cord cpvg cro1 daej COMMENT             
darw dav1 dgar dhlg drao dubo ebre faa1 fair flin flrs frdn COMMENT             
ftna func ganp glps glsv gmsd gode godz gol2 gold gope gras COMMENT             
graz guam guat guug harb hers hert hlfx hnpt hob2 hofn holb COMMENT             
hrao hyde ieng iisc impz ineg invk iqal irkj isba joz2 joze COMMENT             
karr kerg kir0 kiri kiru kit3 kokb kokv kouc koug kour krgg COMMENT             
lama laut lhaz lmmf lpal lpgs m0se mac1 madr maju mal2 mana COMMENT             
mas1 mat1 mate maui maw1 mcm4 mdvj medi mets mgue mizu mkea COMMENT             
mnls mobj mobk mobs monp morp mqzg mro1 mtka nano naur nico COMMENT             
nist nium nklg nlib nnor nrc1 nril nrmd ntus nya1 nyal ohi2 COMMENT             
ohi3 onsa opmt ous2 pado parc park pdel penc pert pfa2 pie1 COMMENT             
pimo pol2 polv pots pove prds ptbb qaq1 quin ramo reun reyk COMMENT             
rgdg rio2 riop roth salu samo sant savo sch2 scor scrz sctb COMMENT             
seyg sfer smst sofi spt0 sthl stjo stk2 str2 suth sutm sydn COMMENT             
syog tabl tabv tash thtg thti thu2 tid1 tidb tixg tixi tlse COMMENT             
tn22 tong tow2 tro1 tsea tskb twtf txes uclu ufpr ulab unb3 COMMENT             
unbj unbn unsa untr urum usn7 usud vaco vald vill voim vtsp COMMENT             
wab1 wab2 wark wgtn whit will wind wsrt wtza wtzl wtzr wtzs COMMENT             
wtzz xmis yakt yar3 yarr yell ykro yssk zeck zim2 zim3 zimm COMMENT             
                                                            END OF HEADER       
[from data line 4290]
    11                                                      START OF TEC MAP    
  2020     1     8    10     0     0                        EPOCH OF CURRENT MAP
    87.5-180.0 180.0   5.0 450.0                            LAT/LON1/LON2/DLON/H
   21   22   22   22   23   23   23   24   24   24   24   24   24   24   24   24
   24   24   23   23   23   23   23   22   22   22   22   21   21   21   21   21
   20   20   20   19   19   19   19   18   18   18   18   17   17   17   17   17
   16   16   16   16   16   16   16   16   16   16   16   16   16   17   17   17
   18   18   18   19   19   20   20   21   21
    85.0-180.0 180.0   5.0 450.0                            LAT/LON1/LON2/DLON/H
   20   21   22   23   24   25   25   26   26   26   26   26   26   26   25   25
   24   24   23   23   22   22   21   21   21   20   20   20   20   19   19   19
   19   18   18   18   17   17   16   16   15   15   15   14   14   13   13   12
   12   12   11   11   11   11   10   10   10   10   10   10   10   11   11   12
   12   13   14   15   16   17   18   19   20
    82.5-180.0 180.0   5.0 450.0                            LAT/LON1/LON2/DLON/H
   17   19   21   22   24   25   26   27   27   27   27   26   26   25   24   23
   22   21   20   20   19   18   18   17   17   17   17   17   17   17   17   17
   16   16   16   16   15   15   14   14   13   13   12   11   11   10   10    9
    9    8    8    8    7    7    6    6    5    5    4    4    4    4    4    5
    5    6    7    8   10   12   13   15   17
    80.0-180.0 180.0   5.0 450.0                            LAT/LON1/LON2/DLON/H
   13   16   18   21   23   25   26   27   27   27   26   25   24   23   21   20
   18   17   16   15   14   13   13   13   13   13   13   13   14   14   14   14
   15   15   15   14   14   13   13   12   12   11   10   10    9    9    9    8
    8    7    7    6    6    5    4    3    2    2    1    0    0    0    0    0
    0    0    0    2    4    6    8   10   13
    77.5-180.0 180.0   5.0 450.0                            LAT/LON1/LON2/DLON/H
    9   12   15   18   21   23   25   25   26   25   24   23   21   19   17   15
   14   12   11   10   10    9    9    9    9    9   10   10   11   11   12   12
   13   13   14   14   13   13   12   12   11   11   10   10   10   10   10   10
    9    9    9    8    7    6    5    4    2    1    0    0    0    0    0    0
    0    0    0    0    0    0    3    6    9
    75.0-180.0 180.0   5.0 450.0                            LAT/LON1/LON2/DLON/H
    5    9   12   16   18   21   22   23   23   23   21   20   18   16   13   12
   10    9    8    8    8    7    8    8    8    8    8    8    8    9   10   11
   12   13   13   14   14   14   13   13   12   12   12   12   12   12   13   13
   14   14   13   12   11   10    8    6    4    3    1    0    0    0    0    0
    0    0    0    0    0    0    0    2    5
    72.5-180.0 180.0   5.0 450.0                            LAT/LON1/LON2/DLON/H
    4    7   10   13   16   18   19   20   20   19   18   16   14   12   11    9
    8    8    8    8    8    8    9    8    8    8    7    7    7    7    8    9
   11   12   14   14   15   15   15   14   14   14   15   15   16   17   19   19
   20   20   19   18   16   14   12    9    7    6    4    3    1    0    0    0
    0    0    0    0    0    0    0    1    4
    70.0-180.0 180.0   5.0 450.0                            LAT/LON1/LON2/DLON/H
    5    8   10   12   14   15   16   16   16   16   14   13   11   10    9    8
    8    9    9   10   11   12   12   11   10    9    8    7    6    6    7    8
   10   12   14   16   17   17   17   17   17   18   19   20   22   24   26   27
   27   27   25   23   21   18   15   12   10    8    7    6    6    5    3    2
    0    0    0    0    0    0    0    3    5
    67.5-180.0 180.0   5.0 450.0                            LAT/LON1/LON2/DLON/H
    9   10   12   12   13   13   13   13   13   12   11   10    9    9    9    9
   10   11   13   14   15   16   15   15   13   11    9    7    5    5    5    7
   10   13   15   18   19   20   20   21   21   23   24   27   29   31   33   34
   34   33   31   28   24   20   16   13   11   10   10   10   10   10   10    8
    6    5    3    3    3    4    6    7    9
    65.0-180.0 180.0   5.0 450.0                            LAT/LON1/LON2/DLON/H
   15   16   15   14   13   12   12   11   10    9    8    8    8    8    9   10
   12   14   16   17   18   18   18   17   15   12    9    7    5    4    5    7
   10   14   17   20   22   23   24   25   26   28   30   33   36   38   40   40
   39   37   34   30   26   21   17   13   11   11   11   13   14   15   16   15
   13   11   10    9   10   11   13   14   15
    62.5-180.0 180.0   5.0 450.0                            LAT/LON1/LON2/DLON/H
   23   22   21   18   16   14   12   10    9    8    7    7    7    8   10   12
   14   16   17   18   19   19   18   17   15   12   10    7    6    5    6    9
   12   16   20   23   25   27   28   29   31   33   36   40   42   44   45   44
   43   40   37   32   27   22   17   13   11   11   12   15   17   19   20   20
   18   16   15   15   17   19   21   23   23
    60.0-180.0 180.0   5.0 450.0                            LAT/LON1/LON2/DLON/H
   31   30   27   24   20   17   15   12   10    8    7    7    7    8   10   12
   14   15   16   17   17   16   15   14   13   11   10    8    7    8    9   12
   16   21   24   27   29   31   32   33   35   39   42   46   48   49   49   47
   45   42   38   34   29   24   19   15   12   12   13   16   20   22   24   23
   22   20   19   19   22   25   28   30   31
    57.5-180.0 180.0   5.0 450.0                            LAT/LON1/LON2/DLON/H
   38   36   34   30   27   24   21   18   14   12    9    8    7    8    9   11
   12   13   13   13   12   11   10   10   10    9    9   10   10   12   14   17
   22   26   30   32   34   35   36   38   41   45   49   52   53   53   51   49
   46   43   40   37   33   29   24   19   16   15   16   18   22   25   26   25
   23   21   20   21   24   29   34   37   38
    55.0-180.0 180.0   5.0 450.0                            LAT/LON1/LON2/DLON/H
   42   42   40   37   34   32   29   26   22   17   13   10    8    8    8    9
   10   10    9    8    6    5    5    5    6    8   10   12   14   17   20   24
   28   32   36   38   39   40   40   43   46   51   55   58   58   57   54   50
   47   45   44   42   40   37   32   27   23   20   20   22   25   27   28   26
   24   21   20   22   26   31   37   41   42
    52.5-180.0 180.0   5.0 450.0                            LAT/LON1/LON2/DLON/H
   45   45   44   43   42   41   40   36   32   26   20   15   11    9    8    7
    7    6    5    3    2    1    1    2    4    8   11   15   19   22   26   31
   35   39   42   44   45   45   46   48   52   57   61   64   63   61   57   53
   50   49   49   50   49   47   43   38   32   28   26   27   28   30   30   28
   25   22   20   22   26   32   38   43   45
    50.0-180.0 180.0   5.0 450.0                            LAT/LON1/LON2/DLON/H
   46   47   47   48   49   51   51   48   43   36   29   22   16   12    9    7
    6    5    4    2    1    0    1    2    5    9   14   18   23   28   32   37
   41   45   48   49   50   51   52   55   59   64   68   70   68   65   61   58
   56   56   57   59   59   58   55   49   43   37   34   32   32   33   32   30
   27   23   21   22   27   33   39   44   46
    47.5-180.0 180.0   5.0 450.0                            LAT/LON1/LON2/DLON/H
   45   47   48   51   55   59   61   60   56   48   40   31   24   17   13   10
    8    7    6    5    5    5    6    7   10   13   18   22   27   32   37   41
   46   49   53   55   57   58   60   63   67   71   75   75   74   71   67   64
   63   64   66   68   69   68   65   59   53   46   41   38   37   36   35   33
   30   26   24   25   28   34   39   43   45
    45.0-180.0 180.0   5.0 450.0                            LAT/LON1/LON2/DLON/H
   44   45   48   52   59   65   69   70   67   60   52   43   35   27   21   17
   14   14   14   14   14   15   15   16   18   20   23   27   31   36   41   45
   49   53   57   60   63   65   68   71   75   79   81   81   79   77   74   73
   72   73   74   75   76   75   72   66   60   53   48   44   41   40   39   37
   34   31   29   29   31   35   40   43   44
    42.5-180.0 180.0   5.0 450.0                            LAT/LON1/LON2/DLON/H
   43   43   46   52   60   68   74   77   76   71   65   57   49   41   34   29
   26   25   26   27   28   29   29   28   28   28   29   32   35   40   44   48
   52   56   60   65   69   73   76   80   83   86   87   86   84   83   82   82
   82   82   81   81   80   78   75   70   64   58   53   48   45   43   42   41
   38   36   34   33   35   38   41   42   43
    40.0-180.0 180.0   5.0 450.0                            LAT/LON1/LON2/DLON/H
   42   41   44   50   58   67   75   79   81   79   76   71   65   58   51   45
   42   41   42   43   44   44   43   41   39   37   36   37   40   44   47   51
   55   59   64   70   75   81   85   88   91   92   92   90   89   88   89   91
   91   89   87   84   81   78   75   72   67   62   57   53   50   47   46   45
   43   41   39   38   39   40   42   42   42
    37.5-180.0 180.0   5.0 450.0                            LAT/LON1/LON2/DLON/H
   41   40   41   47   55   64   72   78   82   84   85   84   81   76   70   65
   60   59   59   59   60   59   56   52   49   45   43   43   45   49   52   56
   59   63   68   75   81   88   93   96   98   98   96   94   93   93   96   98
   98   96   91   86   82   79   77   74   71   67   63   59   56   53   51   49
   47   45   44   42   42   43   43   43   41
    35.0-180.0 180.0   5.0 450.0                            LAT/LON1/LON2/DLON/H
   41   39   40   43   50   58   66   72   79   84   90   93   94   93   89   84
   79   76   75   74   72   70   65   61   56   52   50   50   52   55   59   62
   64   68   73   80   87   94  100  103  105  104  101   98   97   99  102  105
  105  101   96   91   87   85   82   80   77   74   71   68   65   61   58   55
   53   50   48   46   45   45   44   43   41
    32.5-180.0 180.0   5.0 450.0                            LAT/LON1/LON2/DLON/H
   41   39   39   41   46   52   58   65   72   81   90   98  103  105  104  100
   95   91   87   84   80   76   70   65   60   56   55   56   59   63   67   70
   72   75   80   86   94  101  106  110  111  110  106  103  102  104  108  111
  111  108  104  100   98   97   95   92   89   86   84   81   77   73   68   64
   60   57   53   50   48   47   45   44   41
    30.0-180.0 180.0   5.0 450.0                            LAT/LON1/LON2/DLON/H
   43   40   39   40   43   47   51   57   64   74   86   97  106  112  114  111
  106  100   94   89   83   77   70   64   60   58   58   61   65   70   75   79
   81   83   88   94  101  107  113  117  118  117  114  111  110  112  116  119
  119  117  115  115  117  117  116  112  107  103  100   97   94   88   82   76
   70   65   60   55   51   49   47   45   43
    27.5-180.0 180.0   5.0 450.0                            LAT/LON1/LON2/DLON/H
   45   42   41   41   42   44   46   50   56   66   78   91  103  111  116  115
  110  103   95   88   80   73   66   60   57   57   59   64   70   77   83   88
   90   93   97  103  109  115  120  125  127  127  125  123  122  123  126  128
  128  129  131  136  142  145  143  137  130  124  120  117  113  107   99   91
   83   76   69   62   57   53   50   47   45
    25.0-180.0 180.0   5.0 450.0                            LAT/LON1/LON2/DLON/H
   48   45   44   43   43   43   44   45   50   58   69   81   93  104  111  112
  108  100   90   82   74   67   60   55   53   54   58   65   73   82   90   95
  100  103  108  113  119  124  129  134  138  140  139  138  137  137  139  140
  141  144  151  161  171  176  173  165  154  145  140  136  132  126  117  107
   97   88   80   72   65   58   54   50   48
    22.5-180.0 180.0   5.0 450.0                            LAT/LON1/LON2/DLON/H
   51   48   47   46   46   45   44   44   47   52   60   70   81   91  100  103
   99   91   81   73   66   59   53   49   47   50   55   64   74   84   94  102
  108  113  119  125  130  135  140  145  150  154  156  155  155  155  155  155
  157  162  173  187  199  205  202  191  177  166  158  154  150  143  133  122
  111  101   92   83   74   66   59   55   51
    20.0-180.0 180.0   5.0 450.0                            LAT/LON1/LON2/DLON/H
   55   52   49   48   48   47   46   45   46   49   53   59   68   77   86   90
   88   80   71   63   58   53   48   44   43   46   52   62   73   85   96  106
  115  123  130  137  142  146  151  157  164  169  173  174  174  173  172  172
  174  181  193  209  222  228  223  210  194  181  173  167  162  155  145  133
  121  112  103   94   84   74   66   60   55
    17.5-180.0 180.0   5.0 450.0                            LAT/LON1/LON2/DLON/H
   59   54   51   49   49   49   49   48   48   49   50   52   57   64   72   77
   75   69   60   54   51   48   45   42   40   43   50   60   72   84   97  109
  120  131  140  148  154  158  163  169  177  184  190  192  192  191  189  188
  190  198  210  224  236  240  234  221  205  191  182  175  169  161  150  137
  126  118  110  102   92   81   72   65   59
    15.0-180.0 180.0   5.0 450.0                            LAT/LON1/LON2/DLON/H
   61   55   50   48   48   50   50   51   51   51   50   49   50   54   61   66
   66   60   53   48   47   46   44   41   40   42   49   59   72   85   98  112
  125  137  149  158  164  169  174  180  188  196  203  207  207  206  204  203
  205  211  221  231  239  240  234  222  209  196  186  178  170  160  148  135
  125  117  112  105   96   86   76   68   61
    12.5-180.0 180.0   5.0 450.0                            LAT/LON1/LON2/DLON/H
   62   54   48   45   45   48   50   52   54   54   52   49   47   49   55   60
   60   55   49   46   46   47   46   43   41   44   51   61   74   87  101  114
  128  142  154  164  172  177  182  189  197  205  212  216  217  216  214  214
  216  220  225  231  233  232  227  218  208  198  188  178  168  156  142  128
  117  111  108  103   96   87   77   69   62
    10.0-180.0 180.0   5.0 450.0                            LAT/LON1/LON2/DLON/H
   61   52   45   41   40   43   47   51   54   56   55   52   48   49   53   57
   58   55   49   47   47   49   48   46   44   47   55   66   79   91  104  117
  131  144  157  168  176  182  188  194  201  209  215  219  221  220  220  220
  222  224  225  225  223  220  217  213  207  199  189  178  165  150  134  119
  108  102   99   97   91   84   76   69   61
     7.5-180.0 180.0   5.0 450.0                            LAT/LON1/LON2/DLON/H
   59   50   42   36   35   37   41   46   52   56   57   55   51   50   54   58
   60   57   52   50   50   51   51   49   48   52   61   73   85   97  108  120
  132  144  156  167  176  183  189  195  201  208  214  218  219  219  220  222
  225  225  223  219  213  210  210  210  209  203  194  181  166  148  129  112
  100   93   90   88   84   78   72   66   59
     5.0-180.0 180.0   5.0 450.0                            LAT/LON1/LON2/DLON/H
   58   49   40   33   30   32   35   41   47   53   56   56   53   52   55   60
   62   60   56   53   53   53   53   51   52   58   68   80   92  103  112  121
  131  141  152  162  172  180  187  193  198  204  208  212  213  214  217  221
  224  225  221  215  209  207  210  214  215  212  202  188  171  152  131  112
   97   88   84   81   77   72   68   64   58
     2.5-180.0 180.0   5.0 450.0                            LAT/LON1/LON2/DLON/H
   58   50   41   33   29   28   30   34   40   47   53   54   53   53   56   60
   63   62   59   56   55   54   53   53   56   63   74   87   98  108  115  121
  128  136  145  155  166  175  183  189  193  197  201  204  205  207  211  217
  222  224  222  217  213  213  219  225  228  224  215  200  183  163  141  120
  102   91   84   79   73   68   65   62   58
