tests/data/CODG0080.20I
     1.0            IONOSPHERE MAPS     GNSS                IONEX VERSION / TYPE
ADDNEQ2 V5.3        AIUB                12-JAN-20 20:15     PGM / RUN BY / DATE 
CODE'S GLOBAL IONOSPHERE MAPS FOR DAY 008, 2020             COMMENT             
Global ionosphere maps (GIM) are generated on a daily basis DESCRIPTION         
at CODE using data from about 300 GNSS sites of the IGS and DESCRIPTION         
other institutions. The vertical total electron content     DESCRIPTION         
(VTEC) is modeled in a solar-geomagnetic reference frame    DESCRIPTION         
using a spherical harmonics expansion up to degree and      DESCRIPTION         
order 15. Piece-wise linear functions are used for          DESCRIPTION         
representation in the time domain. The time spacing of      DESCRIPTION         
their vertices is 1 hour, conforming with the epochs of the DESCRIPTION         
VTEC maps.                                                  DESCRIPTION         
To convert line-of-sight TEC into vertical TEC, a modified  DESCRIPTION         
single-layer model mapping function approximating the JPL   DESCRIPTION         
extended slab model mapping function is adopted. The        DESCRIPTION         
mapping function is evaluated at geodetic satellite         DESCRIPTION         
elevation angles. For the computation of the ionospheric    DESCRIPTION         
pierce points, a spherical layer with a radius of 6821 km   DESCRIPTION         
is assumed, implying geocentric, not geodetic IONEX         DESCRIPTION         
latitudes.                                                  DESCRIPTION         
Instrumental biases with respect to each involved GNSS code DESCRIPTION         
observable are estimated as constant values for each        DESCRIPTION         
day. They are modeled with one set of bias parameters for   DESCRIPTION         
each satellite and each station in case of GPS and for each DESCRIPTION         
satellite-station link in case of GLONASS. The code bias    DESCRIPTION         
datum is defined by zero-mean conditions imposed on the     DESCRIPTION         
satellite bias estimates. In this file, just GPS C1W-C2W    DESCRIPTION         
satellite and station bias values are included. The         DESCRIPTION         
complete set of GNSS code bias results is provided in an    DESCRIPTION         
additional Bias-SINEX file as pseudo-absolute values        DESCRIPTION         
specific to each observable.                                DESCRIPTION         
Note: These GIM results correspond to the results for the   DESCRIPTION         
middle day of a 3-day combination analysis solving for 73   DESCRIPTION         
times 256, or 18688 VTEC parameters and 3 daily sets of     DESCRIPTION         
GNSS code bias parameters.                                  DESCRIPTION         
Contact address: code(at)aiub.unibe.ch                      DESCRIPTION         
Data archive:    ftp.aiub.unibe.ch/CODE/                    DESCRIPTION         
                 www.aiub.unibe.ch/download/CODE/           DESCRIPTION         
  2020     1     8     0     0     0                        EPOCH OF FIRST MAP  
  2020     1     9     0     0     0                        EPOCH OF LAST MAP   
  3600                                                      INTERVAL            
[...]
cedu cefe chpg chpi chti chur ckis cnmr cord cpvg cro1 daej COMMENT             
darw dav1 dgar dhlg drao dubo ebre faa1 fair flin flrs frdn COMMENT             
ftna func ganp glps glsv gmsd gode godz gol2 gold gope gras COMMENT             
graz guam guat guug harb hers hert hlfx hnpt hob2 hofn holb COMMENT             
hrao hyde ieng iisc impz ineg invk iqal irkj isba joz2 joze COMMENT             
karr kerg kir0 kiri kiru kit3 kokb kokv kouc koug kour krgg COMMENT             
lama laut lhaz lmmf lpal lpgs m0se mac1 madr maju mal2 mana COMMENT             
mas1 mat1 mate maui maw1 mcm4 mdvj medi mets mgue mizu mkea COMMENT             
mnls mobj mobk mobs monp morp mqzg mro1 mtka nano naur nico COMMENT             
nist nium nklg nlib nnor nrc1 nril nrmd ntus nya1 nyal ohi2 COMMENT             
ohi3 onsa opmt ous2 pado parc park pdel penc pert pfa2 pie1 COMMENT             
pimo pol2 polv pots pove prds ptbb qaq1 quin ramo reun reyk COMMENT             
rgdg rio2 riop roth salu samo sant savo sch2 scor scrz sctb COMMENT             
seyg sfer smst sofi spt0 sthl stjo stk2 str2 suth sutm sydn COMMENT             
syog tabl tabv tash thtg thti thu2 tid1 tidb tixg tixi tlse COMMENT             
tn22 tong tow2 tro1 tsea tskb twtf txes uclu ufpr ulab unb3 COMMENT             
unbj unbn unsa untr urum usn7 usud vaco vald vill voim vtsp COMMENT             
wab1 wab2 wark wgtn whit will wind wsrt wtza wtzl wtzr wtzs COMMENT             
wtzz xmis yakt yar3 yarr yell ykro yssk zeck zim2 zim3 zimm COMMENT             
                                                            END OF HEADER       
     1                                                      START OF TEC MAP    
  2020     1     8     0     0     0                        EPOCH OF CURRENT MAP
    87.5-180.0 180.0   5.0 450.0                            LAT/LON1/LON2/DLON/H
    5    5    6    6    6    6    6    6    6    6    6    6    6    6    6    5
    5    5    4    4    3    3    2    2    1    1    0    0    0    0    0    0
    0    0    0    0    0    0    0    0    0    0    0    0    0    0    0    0
    0    0    1    1    1    1    1    2    2    2    2    2    3    3    3    3
    3    4    4    4    4    4    5    5    5
    85.0-180.0 180.0   5.0 450.0                            LAT/LON1/LON2/DLON/H
    7    7    8    9    9   10   10   11   11   11   11   11   11   11   11   10
    9    9    8    7    6    5    4    2    1    0    0    0    0    0    0    0
    0    0    0    0    0    0    0    0    0    0    0    0    0    0    0    0
    1    1    1    2    2    2    3    3    3    3    3    3    3    3    3    3
    4    4    4    4    5    5    6    6    7
    82.5-180.0 180.0   5.0 450.0                            LAT/LON1/LON2/DLON/H
    7    8    9   10   12   13   14   15   15   16   16   16   16   16   16   15
   14   13   12   10    9    7    5    4    2    0    0    0    0    0    0    0
    0    0    0    0    0    0    0    0    0    0    0    0    0    0    1    2
    3    4    4    5    5    5    5    5    5    5    4    4    4    3    3    3
    3    3    3    3    4    4    5    6    7
    80.0-180.0 180.0   5.0 450.0                            LAT/LON1/LON2/DLON/H
    7    8   10   11   13   14   16   17   18   19   20   20   20   20   19   19
   18   16   15   13   11    9    7    5    3    1    0    0    0    0    0    0
    0    0    0    0    0    0    0    0    0    0    0    1    2    3    4    5
    6    7    7    8    8    8    8    8    7    7    6    5    4    3    3    2
    2    2    2    2    3    3    4    5    7
    77.5-180.0 180.0   5.0 450.0                            LAT/LON1/LON2/DLON/H
    7    9   10   12   14   15   17   18   19   20   21   21   21   21   21   20
   19   18   16   15   13   11    9    7    5    3    1    0    0    0    0    0
    0    0    0    0    0    0    0    0    0    1    2    3    4    5    6    7
    8    9   10   10   10   10   10   10    9    8    7    6    5    3    2    2
    1    1    1    1    2    3    4    6    7
    75.0-180.0 180.0   5.0 450.0                            LAT/LON1/LON2/DLON/H
    9   11   12   13   15   16   17   19   20   20   21   21   21   20   19   19
   18   17   16   15   14   12   11    9    7    5    3    1    0    0    0    0
    0    0    0    0    0    1    2    3    3    4    5    5    6    7    8    9
    9   10   11   11   12   12   11   11   10    9    8    6    5    4    3    2
    2    2    2    3    4    5    6    8    9
    72.5-180.0 180.0   5.0 450.0                            LAT/LON1/LON2/DLON/H
   15   16   16   17   17   18   18   19   19   20   20   19   19   18   17   15
   14   14   13   13   13   13   12   11   10    8    6    4    3    2    1    1
    2    3    3    4    5    5    5    5    6    6    6    6    7    7    8    8
    9   10   10   11   11   11   11   11   10    9    8    7    5    4    4    3
    4    4    5    7    9   10   12   13   15
    70.0-180.0 180.0   5.0 450.0                            LAT/LON1/LON2/DLON/H
   23   23   23   23   22   21   21   20   20   19   19   18   16   15   13   12
   11   10   10   10   11   12   13   13   12   11    9    7    5    5    4    5
    6    7    8    8    9    8    8    7    7    6    6    6    6    6    7    7
    8    8    9    9   10   10   11   10   10    9    8    7    6    6    5    6
    7    9   11   14   16   19   21   22   23
    67.5-180.0 180.0   5.0 450.0                            LAT/LON1/LON2/DLON/H
   34   33   32   30   28   26   24   23   21   20   19   17   16   13   11    9
    7    7    7    8   10   12   13   14   14   12   11    9    7    6    6    7
    9   10   11   11   11   10    9    8    7    6    5    5    5    5    6    6
    6    7    7    8    9    9   10   10   10    9    9    8    7    7    8    9
   11   15   18   22   26   29   31   33   34
    65.0-180.0 180.0   5.0 450.0                            LAT/LON1/LON2/DLON/H
   45   44   42   39   36   32   29   27   24   23   21   19   17   14   11    8
    6    5    5    6    8   11   13   14   14   13   11    9    7    7    7    8
   10   12   13   13   12   11    9    8    6    6    5    5    5    6    6    6
    6    6    7    7    8    9    9   10   10   10   10    9    9    9   11   13
   16   20   25   30   35   39   43   44   45
    62.5-180.0 180.0   5.0 450.0                            LAT/LON1/LON2/DLON/H
   55   54   51   48   43   39   35   31   28   26   24   22   20   17   14   10
    7    5    4    5    7   10   12   14   14   13   10    8    6    6    6    8
   11   13   14   14   13   11    9    8    7    7    7    7    7    7    7    7
    7    8    8    8    9    9   10   11   11   11   11   11   11   12   13   16
   20   25   31   38   43   48   52   54   55
    60.0-180.0 180.0   5.0 450.0                            LAT/LON1/LON2/DLON/H
   62   61   59   56   51   46   41   37   33   31   29   27   25   22   18   14
   10    7    5    5    7    9   12   13   13   12    9    6    5    4    5    8
   11   13   14   14   13   12   11   10   10   10   10   11   11   11   11   11
   10   10   10   11   11   11   12   13   13   14   14   14   14   14   16   19
   23   29   36   42   49   54   58   61   62
    57.5-180.0 180.0   5.0 450.0                            LAT/LON1/LON2/DLON/H
   67   67   66   63   59   54   48   43   39   36   33   31   30   27   24   20
   15   11    8    7    7    9   11   12   12   10    8    5    3    3    5    8
   11   13   15   15   15   14   14   14   14   15   16   16   16   15   15   15
   15   15   15   15   14   15   15   16   17   17   17   17   17   18   19   22
   26   32   38   45   51   57   62   65   67
    55.0-180.0 180.0   5.0 450.0                            LAT/LON1/LON2/DLON/H
   68   70   71   69   66   61   56   50   45   41   38   36   34   32   29   25
   20   16   12    9    8    9   10   11   11   10    7    5    4    4    6    9
   12   15   16   17   17   18   19   20   21   22   23   22   21   20   20   19
   20   20   20   20   19   19   19   20   20   21   22   22   22   22   23   25
   29   34   39   46   52   57   62   66   68
    52.5-180.0 180.0   5.0 450.0                            LAT/LON1/LON2/DLON/H
   69   72   74   75   73   69   64   58   52   47   43   41   39   37   34   30
   25   20   16   13   11   11   11   12   12   11    9    8    7    7    9   12
   15   17   19   20   22   23   25   27   29   30   30   28   26   25   24   24
   25   25   26   25   24   23   23   24   25   26   27   28   28   28   28   29
   32   36   40   46   51   56   61   65   69
    50.0-180.0 180.0   5.0 450.0                            LAT/LON1/LON2/DLON/H
   69   73   78   80   80   78   73   66   60   54   49   46   44   41   38   34
   30   25   21   17   15   14   14   14   15   14   14   13   12   12   14   16
   19   21   23   24   26   29   32   34   36   37   36   34   31   28   27   28
   30   31   31   31   29   28   27   28   30   31   33   34   35   35   35   35
   36   39   42   47   51   55   60   64   69
    47.5-180.0 180.0   5.0 450.0                            LAT/LON1/LON2/DLON/H
   69   75   81   85   87   85   81   75   69   62   57   53   49   46   42   38
   34   29   26   23   21   20   20   20   21   21   21   20   20   20   21   22
   24   25   26   28   31   34   38   41   42   42   41   37   34   31   31   32
   35   37   37   36   34   32   32   32   34   37   40   42   43   43   42   41
   41   43   45   49   53   56   60   64   69
    45.0-180.0 180.0   5.0 450.0                            LAT/LON1/LON2/DLON/H
   71   78   84   90   92   92   89   84   78   72   66   61   57   52   47   42
   38   35   32   31   31   30   29   29   29   30   30   29   29   28   28   28
   29   29   30   32   35   39   42   45   46   46   44   40   37   34   34   37
   40   42   43   42   39   37   36   36   39   43   46   50   51   52   51   49
   48   48   50   53   56   59   62   66   71
    42.5-180.0 180.0   5.0 450.0                            LAT/LON1/LON2/DLON/H
   74   80   87   93   96   96   94   91   86   81   77   72   67   61   55   48
   44   41   41   42   42   42   42   41   40   40   40   40   38   37   35   34
   34   34   34   36   38   41   44   47   48   48   46   43   40   38   39   42
   46   48   49   47   43   40   39   40   43   48   53   57   60   60   59   57
   54   54   55   57   60   63   66   69   74
    40.0-180.0 180.0   5.0 450.0                            LAT/LON1/LON2/DLON/H
   78   83   89   94   97   98   97   95   92   90   87   83   78   72   64   56
   51   49   50   54   56   57   55   53   52   52   51   49   47   44   42   40
   38   38   38   39   41   43   45   47   48   48   47   46   44   43   45   48
   51   54   54   51   47   44   42   44   47   53   59   64   67   68   67   64
   61   59   59   62   65   68   71   74   78
    37.5-180.0 180.0   5.0 450.0                            LAT/LON1/LON2/DLON/H
   81   85   89   93   96   96   96   96   96   96   96   94   90   84   75   66
   60   58   61   66   70   71   69   66   63   62   60   58   54   50   47   44
   42   42   41   42   42   43   44   46   47   49   50   50   49   49   51   54
   57   58   58   54   50   46   45   47   51   57   64   70   74   75   73   70
   66   63   64   66   70   73   76   78   81
    35.0-180.0 180.0   5.0 450.0                            LAT/LON1/LON2/DLON/H
   84   86   89   92   93   93   93   94   97  100  102  103  101   95   86   77
   70   68   72   78   82   83   80   75   72   69   67   63   59   54   50   47
   46   45   45   44   44   43   44   45   47   50   52   54   55   55   56   58
   60   61   59   55   51   47   46   48   53   60   68   74   78   79   78   74
   70   67   67   70   74   78   80   82   84
    32.5-180.0 180.0   5.0 450.0                            LAT/LON1/LON2/DLON/H
   87   88   90   91   90   90   90   92   96  101  106  109  109  104   97   87
   80   77   80   86   91   91   86   81   76   73   71   66   61   55   51   49
   48   48   48   47   45   44   43   44   47   51   55   57   59   59   59   60
   61   60   58   54   50   46   46   49   55   63   71   77   82   83   81   78
   74   71   71   74   78   82   85   86   87
    30.0-180.0 180.0   5.0 450.0                            LAT/LON1/LON2/DLON/H
   91   92   92   92   91   89   89   91   96  101  107  111  113  110  104   96
   88   85   86   91   94   93   87   81   76   73   71   67   61   55   51   50
   50   51   51   49   47   44   43   45   48   52   56   59   60   60   59   58
   57   56   54   51   47   44   44   48   55   64   72   79   84   85   84   82
   79   76   76   79   83   88   90   91   91
    27.5-180.0 180.0   5.0 450.0                            LAT/LON1/LON2/DLON/H
   97   97   98   97   95   93   93   94   97  102  107  111  114  113  108  101
   94   89   89   91   92   89   83   76   72   71   69   66   60   55   51   51
   52   53   53   52   48   45   44   46   49   53   56   57   57   56   53   51
   50   49   48   45   42   40   41   46   54   64   74   81   86   88   88   87
   86   84   84   87   91   95   97   97   97
    25.0-180.0 180.0   5.0 450.0                            LAT/LON1/LON2/DLON/H
  106  106  107  106  104  103  102  102  103  105  108  111  112  112  110  104
   98   92   88   87   86   82   75   69   66   66   67   64   59   54   51   51
   53   54   55   53   49   46   45   47   50   53   53   52   50   47   44   42
   40   40   40   39   36   35   37   43   52   64   75   83   88   91   94   95
   96   96   96   99  102  106  107  106  106
    22.5-180.0 180.0   5.0 450.0                            LAT/LON1/LON2/DLON/H
  118  119  119  119  118  117  116  115  114  112  111  111  111  111  109  105
   99   92   86   82   78   73   67   61   60   62   64   63   59   55   52   52
   54   55   56   54   50   46   45   48   50   50   48   44   40   36   33   30
   30   31   32   32   31   30   33   40   51   64   76   85   91   96  101  106
  109  110  111  114  117  120  120  119  118
    20.0-180.0 180.0   5.0 450.0                            LAT/LON1/LON2/DLON/H
  132  133  134  134  134  134  134  132  127  122  117  114  111  110  108  106
  100   92   84   78   72   67   61   57   57   61   64   63   60   57   55   54
   55   56   56   54   50   47   46   48   49   47   41   34   29   25   22   20
   20   22   25   26   26   26   29   37   50   64   78   89   96  103  110  118
  124  127  129  132  135  136  135  133  132
    17.5-180.0 180.0   5.0 450.0                            LAT/LON1/LON2/DLON/H
  147  148  149  150  150  151  152  149  142  133  125  119  114  111  109  107
  102   94   84   76   71   66   62   59   60   63   65   65   63   60   58   57
   57   57   57   54   50   47   46   48   48   44   35   26   19   16   14   13
   14   17   21   23   23   23   27   37   50   66   81   93  102  111  121  131
  139  144  147  150  153  153  151  148  147
    15.0-180.0 180.0   5.0 450.0                            LAT/LON1/LON2/DLON/H
  161  162  163  163  164  166  167  164  155  144  133  125  119  115  112  109
  105   97   87   80   76   73   70   68   67   69   70   69   67   65   63   61
   60   59   58   55   51   47   46   48   47   41   31   20   14   11   10   10
   12   16   20   22   21   22   27   38   53   70   85   98  109  119  132  144
  153  159  162  166  169  169  166  162  161
    12.5-180.0 180.0   5.0 450.0                            LAT/LON1/LON2/DLON/H
  173  174  174  173  174  177  179  175  165  151  140  132  126  121  117  114
  110  102   94   88   87   87   85   83   80   79   77   75   72   70   68   66
   63   61   59   57   52   48   47   48   47   40   29   19   13   11   11   12
   14   18   21   22   22   23   30   41   57   74   89  103  115  127  141  154
  164  169  173  177  180  181  177  174  173
    10.0-180.0 180.0   5.0 450.0                            LAT/LON1/LON2/DLON/H
  182  183  182  181  181  184  187  182  170  155  144  137  133  128  123  120
  115  109  103  101  103  106  106  102   96   91   86   80   76   74   73   70
   66   63   61   59   54   50   48   49   48   41   31   21   17   17   17   17
   19   22   24   24   24   26   33   46   62   78   93  107  120  133  148  160
  169  174  178  182  187  187  184  182  182
     7.5-180.0 180.0   5.0 450.0                            LAT/LON1/LON2/DLON/H
  187  190  189  186  186  190  193  187  172  155  145  141  139  135  130  126
  122  117  113  115  121  127  127  121  112  103   94   86   80   77   76   73
   69   65   63   61   56   52   50   50   49   44   35   27   24   25   25   25
   26   27   28   27   26   29   38   52   67   82   96  110  123  137  151  162
  170  173  177  182  187  189  187  186  187
     5.0-180.0 180.0   5.0 450.0                            LAT/LON1/LON2/DLON/H
  191  195  195  192  192  197  200  192  174  155  145  143  143  142  137  132
  127  124  123  128  138  146  146  138  126  113  100   89   82   78   77   75
   71   67   65   62   58   53   51   51   51   47   39   34   33   33   34   33
   32   33   32   29   28   32   43   57   72   85   98  111  124  137  150  160
  166  168  172  178  183  186  186  187  191
     2.5-180.0 180.0   5.0 450.0                            LAT/LON1/LON2/DLON/H
  195  201  202  200  202  208  211  202  181  159  147  146  149  148  144  138
  133  129  131  138  150  159  159  149  134  119  105   92   82   78   76   74
   70   66   64   63   59   54   52   52   52   48   43   40   39   41   41   39
   38   37   34   30   29   34   47   61   75   87   98  110  123  135  147  155
  159  161  164  171  177  181  183  187  195
