tests/data/CODG0080.20I
     1.0            IONOSPHERE MAPS     GNSS                IONEX VERSION / TYPE
ADDNEQ2 V5.3        AIUB                12-JAN-20 20:15     PGM / RUN BY / DATE 
CODE'S GLOBAL IONOSPHERE MAPS FOR DAY 008, 2020             COMMENT             
Global ionosphere maps (GIM) are generated on a daily basis DESCRIPTION         
at CODE using data from about 300 GNSS sites of the IGS and DESCRIPTION         
other institutions. The vertical total electron content     DESCRIPTION         
(VTEC) is modeled in a solar-geomagnetic reference frame    DESCRIPTION         
using a spherical harmonics expansion up to degree and      DESCRIPTION         
order 15. Piece-wise linear functions are used for          DESCRIPTION         
representation in the time domain. The time spacing of      DESCRIPTION         
their vertices is 1 hour, conforming with the epochs of the DESCRIPTION         
VTEC maps.                                                  DESCRIPTION         
To convert line-of-sight TEC into vertical TEC, a modified  DESCRIPTION         
single-layer model mapping function approximating the JPL   DESCRIPTION         
extended slab model mapping function is adopted. The        DESCRIPTION         
mapping function is evaluated at geodetic satellite         DESCRIPTION         
elevation angles. For the computation of the ionospheric    DESCRIPTION         
pierce points, a spherical layer with a radius of 6821 km   DESCRIPTION         
is assumed, implying geocentric, not geodetic IONEX         DESCRIPTION         
latitudes.                                                  DESCRIPTION         
Instrumental biases with respect to each involved GNSS code DESCRIPTION         
observable are estimated as constant values for each        DESCRIPTION         
day. They are modeled with one set of bias parameters for   DESCRIPTION         
each satellite and each station in case of GPS and for each DESCRIPTION         
satellite-station link in case of GLONASS. The code bias    DESCRIPTION         
datum is defined by zero-mean conditions imposed on the     DESCRIPTION         
satellite bias estimates. In this file, just GPS C1W-C2W    DESCRIPTION         
satellite and station bias values are included. The         DESCRIPTION         
complete set of GNSS code bias results is provided in an    DESCRIPTION         
additional Bias-SINEX file as pseudo-absolute values        DESCRIPTION         
specific to each observable.                                DESCRIPTION         
Note: These GIM results correspond to the results for the   DESCRIPTION         
middle day of a 3-day combination analysis solving for 73   DESCRIPTION         
times 256, or 18688 VTEC parameters and 3 daily sets of     DESCRIPTION         
GNSS code bias parameters.                                  DESCRIPTION         
Contact address: code(at)aiub.unibe.ch                      DESCRIPTION         
Data archive:    ftp.aiub.unibe.ch/CODE/                    DESCRIPTION         
                 www.aiub.unibe.ch/download/CODE/           DESCRIPTION         
  2020     1     8     0     0     0                        EPOCH OF FIRST MAP  
  2020     1     9     0     0     0                        EPOCH OF LAST MAP   
  3600                                                      INTERVAL            
[...]
cedu cefe chpg chpi chti chur ckis cnmr cord cpvg cro1 daej COMMENT             
darw dav1 dgar dhlg drao dubo ebre faa1 fair flin flrs frdn COMMENT             
ftna func ganp glps glsv gmsd gode godz gol2 gold gope gras COMMENT             
graz guam guat guug harb hers hert hlfx hnpt hob2 hofn holb COMMENT             
hrao hyde ieng iisc impz ineg invk iqal irkj isba joz2 joze COMMENT             
karr kerg kir0 kiri kiru kit3 kokb kokv kouc koug kour krgg COMMENT             
lama laut lhaz lmmf lpal lpgs m0se mac1 madr maju mal2 mana COMMENT             
mas1 mat1 mate maui maw1 mcm4 mdvj medi mets mgue mizu mkea COMMENT             
mnls mobj mobk mobs monp morp mqzg mro1 mtka nano naur nico COMMENT             
nist nium nklg nlib nnor nrc1 nril nrmd ntus nya1 nyal ohi2 COMMENT             
ohi3 onsa opmt ous2 pado parc park pdel penc pert pfa2 pie1 COMMENT             
pimo pol2 polv pots pove prds ptbb qaq1 quin ramo reun reyk COMMENT             
rgdg rio2 riop roth salu samo sant savo sch2 scor scrz sctb COMMENT             
seyg sfer smst sofi spt0 sthl stjo stk2 str2 suth sutm sydn COMMENT             
syog tabl tabv tash thtg thti thu2 tid1 tidb tixg tixi tlse COMMENT             
tn22 tong tow2 tro1 tsea tskb twtf txes uclu ufpr ulab unb3 COMMENT             
unbj unbn unsa untr urum usn7 usud vaco vald vill voim vtsp COMMENT             
wab1 wab2 wark wgtn whit will wind wsrt wtza wtzl wtzr wtzs COMMENT             
wtzz xmis yakt yar3 yarr yell ykro yssk zeck zim2 zim3 zimm COMMENT             
                                                            END OF HEADER       
[from data line 6435]
    16                                                      START OF TEC MAP    
  2020     1     8    15     0     0                        EPOCH OF CURRENT MAP
    87.5-180.0 180.0   5.0 450.0                            LAT/LON1/LON2/DLON/H
   20   20   20   20   20   21   21   21   21   21   21   21   21   21   21   21
   21   21   21   21   21   21   21   21   21   21   21   21   21   21   21   21
   21   21   21   21   21   21   21   21   21   21   21   21   21   21   21   21
   21   21   21   21   21   21   21   21   21   21   21   21   20   20   20   20
   20   20   20   20   20   20   20   20   20
    85.0-180.0 180.0   5.0 450.0                            LAT/LON1/LON2/DLON/H
   18   18   19   19   19   20   20   20   21   21   21   21   21   21   21   21
   21   21   21   21   21   20   20   20   20   20   19   19   19   19   19   19
   19   19   19   19   20   20   20   20   20   20   20   21   21   21   21   21
   21   21   21   21   21   21   21   20   20   20   19   19   19   18   18   18
   18   18   17   17   17   17   17   18   18
    82.5-180.0 180.0   5.0 450.0                            LAT/LON1/LON2/DLON/H
   15   16   16   17   18   19   19   20   21   21   22   22   22   22   22   22
   22   21   21   21   20   20   19   19   18   18   18   17   17   17   17   17
   17   17   17   17   17   17   18   18   18   18   18   19   19   19   20   20
   20   20   20   20   20   20   20   19   19   19   18   17   17   16   16   15
   15   15   14   14   14   14   14   15   15
    80.0-180.0 180.0   5.0 450.0                            LAT/LON1/LON2/DLON/H
   13   13   14   15   16   18   19   20   21   22   22   23   23   23   23   22
   22   21   21   20   20   19   19   18   18   17   16   16   15   15   15   15
   14   14   14   15   15   15   15   15   15   15   15   16   16   16   17   17
   18   18   19   19   19   19   19   18   18   17   17   16   15   14   14   13
   13   12   12   12   12   12   12   12   13
    77.5-180.0 180.0   5.0 450.0                            LAT/LON1/LON2/DLON/H
   11   12   13   14   15   16   18   19   20   21   22   23   23   23   23   22
   22   21   21   21   20   20   19   19   18   17   17   16   15   15   14   14
   13   13   13   13   13   12   12   12   12   11   11   12   12   12   13   14
   15   16   16   17   17   17   17   17   17   16   15   15   14   14   13   12
   12   11   11   11   11   10   10   11   11
    75.0-180.0 180.0   5.0 450.0                            LAT/LON1/LON2/DLON/H
   11   11   11   12   13   14   16   18   19   20   21   22   22   22   22   21
   21   21   21   21   21   21   21   21   21   20   19   18   17   16   15   14
   14   13   13   12   12   11   11   10    9    8    8    7    7    8    9   10
   11   13   14   15   15   16   16   16   15   15   15   14   14   14   13   13
   13   13   13   12   12   11   11   11   11
    72.5-180.0 180.0   5.0 450.0                            LAT/LON1/LON2/DLON/H
   11   11   10   11   11   12   14   15   17   18   19   19   20   20   19   19
   19   20   20   21   23   24   25   25   25   25   24   22   21   19   18   17
   16   15   14   14   13   12   10    9    7    6    5    4    4    4    5    7
    8   10   12   13   13   14   14   14   14   14   14   14   14   15   15   16
   16   16   16   16   15   15   14   12   11
    70.0-180.0 180.0   5.0 450.0                            LAT/LON1/LON2/DLON/H
   14   12   11   10    9   10   11   12   13   14   15   16   16   16   16   16
   17   18   20   22   24   27   29   30   31   30   29   28   26   24   22   20
   19   18   17   16   15   14   12   10    7    5    3    2    1    2    3    5
    7    8   10   11   12   12   12   11   12   12   13   14   15   16   18   19
   20   21   21   21   21   19   18   16   14
    67.5-180.0 180.0   5.0 450.0                            LAT/LON1/LON2/DLON/H
   17   15   12   10    9    8    8    9   10   10   11   12   12   12   12   13
   14   16   19   22   26   30   33   35   36   37   36   34   32   29   27   25
   23   21   20   19   18   16   14   12    9    6    4    2    1    1    2    4
    6    8    9   10   10    9    9    9    9   10   12   13   16   18   20   22
   24   25   26   27   26   25   23   20   17
    65.0-180.0 180.0   5.0 450.0                            LAT/LON1/LON2/DLON/H
   22   18   15   12   10    8    7    7    7    7    7    7    8    8    9   10
   12   15   19   23   28   32   36   39   41   42   42   40   38   35   33   30
   27   25   24   22   21   20   18   15   12    9    6    3    2    2    3    5
    6    8    9    9    8    7    7    7    7    9   11   13   16   19   22   25
   27   29   31   32   32   31   28   25   22
    62.5-180.0 180.0   5.0 450.0                            LAT/LON1/LON2/DLON/H
   27   23   20   17   14   12   10    8    7    6    5    5    5    6    7    9
   12   15   19   24   29   34   39   43   45   46   46   45   44   41   38   35
   32   30   27   25   24   23   21   19   16   13   10    7    5    5    5    7
    8    9    9    9    7    6    5    5    6    8   11   14   17   21   23   26
   28   31   33   35   35   35   33   30   27
    60.0-180.0 180.0   5.0 450.0                            LAT/LON1/LON2/DLON/H
   32   29   26   24   21   18   16   13   10    7    5    4    4    5    7    9
   12   16   21   26   31   36   41   44   47   49   50   50   49   47   45   41
   38   34   31   28   27   25   24   23   21   18   15   12   10    9    8    9
   10   10   10    9    8    6    5    6    7    9   13   16   19   22   24   26
   28   31   33   35   37   37   36   34   32
    57.5-180.0 180.0   5.0 450.0                            LAT/LON1/LON2/DLON/H
   36   35   34   33   31   29   25   21   17   12    9    6    5    6    8   11
   15   20   24   29   34   38   42   45   48   50   52   53   53   53   51   47
   43   39   34   31   29   28   28   27   26   25   22   18   15   13   12   12
   12   12   12   11    9    8    8    9   10   13   17   20   22   24   25   26
   27   29   31   34   36   37   37   37   36
    55.0-180.0 180.0   5.0 450.0                            LAT/LON1/LON2/DLON/H
   39   41   42   43   43   42   39   34   27   21   16   11    9   10   12   15
   20   24   29   33   37   41   44   46   49   51   54   56   58   58   56   53
   49   44   39   35   32   31   31   32   32   31   29   25   21   18   16   16
   15   15   15   14   13   13   13   14   17   19   22   25   27   27   27   26
   26   27   29   31   34   36   37   38   39
    52.5-180.0 180.0   5.0 450.0                            LAT/LON1/LON2/DLON/H
   41   45   50   53   56   56   53   48   41   33   26   20   16   15   17   20
   25   30   35   39   42   45   47   48   50   53   56   59   61   62   61   58
   54   49   44   39   36   35   36   37   38   38   36   32   28   24   21   20
   19   19   19   19   19   20   21   23   25   27   30   31   32   31   29   26
   25   25   26   29   31   34   36   38   41
    50.0-180.0 180.0   5.0 450.0                            LAT/LON1/LON2/DLON/H
   42   48   55   62   66   69   68   64   57   48   39   31   25   23   24   27
   31   36   41   46   49   50   51   53   54   57   59   62   64   65   64   62
   58   54   49   45   42   41   42   44   45   46   44   40   35   31   27   25
   24   24   25   26   27   29   31   33   35   36   37   38   37   34   31   27
   25   24   24   26   29   32   34   38   42
    47.5-180.0 180.0   5.0 450.0                            LAT/LON1/LON2/DLON/H
   42   49   58   66   73   78   79   77   72   63   54   44   37   33   32   34
   38   43   48   53   56   58   59   59   60   62   64   66   67   67   66   64
   61   59   56   53   50   49   49   51   53   54   52   48   43   38   34   32
   31   31   32   34   36   39   41   43   44   45   44   43   41   38   34   29
   26   24   24   26   28   30   33   36   42
    45.0-180.0 180.0   5.0 450.0                            LAT/LON1/LON2/DLON/H
   41   48   57   67   76   82   86   87   84   78   69   59   50   44   41   41
   45   50   56   61   65   67   68   68   69   70   71   71   69   67   65   63
   62   62   62   61   60   58   58   59   61   62   60   57   52   47   43   41
   40   40   41   43   45   48   50   52   52   51   50   48   45   41   37   32
   27   25   25   26   28   30   32   35   41
    42.5-180.0 180.0   5.0 450.0                            LAT/LON1/LON2/DLON/H
   39   46   54   63   72   81   87   92   93   90   83   74   65   57   52   50
   53   58   64   70   75   77   78   78   79   79   78   76   71   67   63   61
   62   65   68   70   70   69   68   68   69   69   68   65   60   56   53   51
   51   50   50   51   53   55   58   58   58   56   53   51   48   44   39   34
   30   28   27   28   30   31   33   35   39
    40.0-180.0 180.0   5.0 450.0                            LAT/LON1/LON2/DLON/H
   38   42   49   57   65   74   83   91   96   98   95   88   80   71   64   61
   61   66   72   79   84   87   88   89   89   88   86   81   74   66   61   59
   61   67   73   78   80   79   77   76   76   76   75   72   68   65   63   62
   61   60   59   58   59   60   62   62   61   58   55   52   49   46   41   37
   33   30   30   31   32   33   34   35   38
    37.5-180.0 180.0   5.0 450.0                            LAT/LON1/LON2/DLON/H
   37   39   43   48   55   63   74   84   94  101  102   99   93   84   77   72
   71   74   80   87   93   96   98   98   98   97   93   86   77   68   61   59
   62   69   78   85   88   88   86   84   83   82   81   78   75   73   72   72
   71   69   66   64   63   63   63   63   62   59   56   53   50   47   44   40
   36   33   33   33   35   35   36   36   37
    35.0-180.0 180.0   5.0 450.0                            LAT/LON1/LON2/DLON/H
   36   36   37   40   45   52   62   75   88   98  105  106  103   96   89   83
   81   83   88   95  101  103  104  104  104  103   99   92   83   73   65   63
   65   73   83   91   96   97   94   91   89   87   86   84   82   80   80   80
   79   76   72   68   65   64   63   63   62   60   57   54   52   49   46   43
   39   36   35   36   37   38   38   37   36
    32.5-180.0 180.0   5.0 450.0                            LAT/LON1/LON2/DLON/H
   36   34   33   34   36   42   51   64   78   91  102  108  109  106   99   93
   90   91   95  101  106  108  108  107  107  106  104   99   91   82   75   73
   74   81   89   98  103  105  102   98   95   92   91   89   88   87   87   87
   86   82   76   70   66   64   63   63   63   61   59   56   54   52   49   46
   43   39   38   38   38   39   39   38   36
    30.0-180.0 180.0   5.0 450.0                            LAT/LON1/LON2/DLON/H
   36   33   31   30   32   36   43   54   66   80   94  104  110  111  107  101
   97   97  100  104  108  108  107  106  105  106  107  105  101   96   92   89
   89   92   98  105  110  112  110  106  102   99   97   95   94   93   93   92
   90   85   79   72   67   64   64   64   64   63   61   59   56   54   53   50
   46   43   40   39   39   40   40   38   36
    27.5-180.0 180.0   5.0 450.0                            LAT/LON1/LON2/DLON/H
   36   33   31   30   32   35   39   46   56   69   83   96  106  111  111  107
  102  101  102  105  107  106  103  101  101  104  107  111  113  114  114  112
  110  108  109  113  117  119  118  114  110  107  104  102  101   99   98   96
   92   87   81   74   69   66   65   66   66   66   64   61   58   57   55   53
   50   46   42   40   40   40   40   38   36
    25.0-180.0 180.0   5.0 450.0                            LAT/LON1/LON2/DLON/H
   35   33   32   33   35   38   41   43   49   58   71   86   99  108  111  108
  105  102  102  103  104  101   97   94   95   99  107  116  126  133  138  138
  134  127  123  122  125  127  127  124  120  116  114  112  110  107  104  100
   94   89   83   77   72   69   68   68   69   68   65   62   59   57   57   55
   53   49   45   42   40   40   39   38   35
    22.5-180.0 180.0   5.0 450.0                            LAT/LON1/LON2/DLON/H
   34   32   33   36   41   45   46   44   45   49   60   75   91  102  108  108
  105  102  101  100   99   96   91   87   88   95  106  121  137  152  162  164
  158  147  138  133  133  136  136  135  131  128  126  124  121  117  111  104
   97   90   85   80   76   73   70   70   70   68   65   60   57   56   56   56
   54   50   46   42   40   39   38   37   34
    20.0-180.0 180.0   5.0 450.0                            LAT/LON1/LON2/DLON/H
   33   32   34   40   47   52   52   48   44   45   53   67   83   97  105  107
  105  102  100   98   95   91   86   82   83   91  105  124  146  167  181  186
  180  166  152  143  141  144  145  145  142  140  139  137  134  128  119  109
   99   92   87   84   80   76   72   70   69   66   61   56   53   52   53   54
   53   50   46   43   40   39   37   35   33
    17.5-180.0 180.0   5.0 450.0                            LAT/LON1/LON2/DLON/H
   31   30   34   42   52   58   59   53   46   44   50   63   79   93  102  106
  106  103  100   97   94   89   84   81   82   90  106  127  152  176  194  201
  195  181  164  153  149  150  152  153  152  152  151  150  147  139  128  114
  103   94   90   87   83   77   72   69   66   62   56   50   47   46   48   50
   50   48   45   42   40   38   36   34   31
    15.0-180.0 180.0   5.0 450.0                            LAT/LON1/LON2/DLON/H
   29   28   32   41   52   61   62   56   49   46   51   63   78   92  103  108
  110  108  104  101   97   93   88   85   86   94  109  131  155  180  199  208
  204  191  174  161  155  155  157  159  160  161  162  162  159  150  136  121
  106   97   92   89   84   78   71   65   61   56   50   44   41   41   43   44
   44   43   42   41   39   38   35   32   29
    12.5-180.0 180.0   5.0 450.0                            LAT/LON1/LON2/DLON/H
   28   26   29   37   48   58   60   56   51   49   55   67   82   95  106  113
  117  116  113  110  106  102   98   95   95  102  115  134  157  179  198  208
  207  196  181  167  160  158  159  162  164  167  170  171  168  159  144  126
  111  100   95   91   85   77   69   62   57   52   45   39   37   37   38   39
   38   38   38   38   38   36   34   31   28
    10.0-180.0 180.0   5.0 450.0                            LAT/LON1/LON2/DLON/H
   27   24   25   31   41   50   53   52   50   52   60   73   87  101  112  121
  126  128  126  123  120  117  113  110  110  115  125  140  157  175  192  203
  206  199  187  174  164  160  159  162  166  170  174  176  173  164  149  131
  115  104   98   94   86   77   68   61   56   50   44   39   37   37   37   35
   33   33   34   35   35   35   33   30   27
     7.5-180.0 180.0   5.0 450.0                            LAT/LON1/LON2/DLON/H
   26   23   22   25   32   39   42   44   46   52   64   79   94  108  120  130
  137  141  141  140  138  136  133  129  128  131  138  148  159  172  186  198
  204  203  194  181  169  162  159  160  165  170  175  177  174  166  152  135
  120  109  103   98   90   79   70   63   58   53   48   43   42   41   39   35
   31   29   30   32   33   33   32   30   26
     5.0-180.0 180.0   5.0 450.0                            LAT/LON1/LON2/DLON/H
   27   23   20   20   23   27   30   33   39   50   66   84  100  114  127  139
  148  154  157  158  158  157  154  150  148  148  152  157  163  171  182  195
  205  208  203  191  177  166  160  159  163  169  173  175  173  166  154  139
  125  115  110  104   96   85   76   70   66   61   56   53   52   50   47   40
   33   30   30   31   32   32   31   30   27
     2.5-180.0 180.0   5.0 450.0                            LAT/LON1/LON2/DLON/H
   29   25   20   17   16   17   19   23   32   47   66   86  104  119  132  145
  157  166  171  175  176  176  174  170  167  166  167  169  171  175  184  198
  211  219  216  204  188  173  163  160  162  167  170  172  170  165  156  143
  131  123  118  113  104   94   85   80   77   73   69   66   65   63   58   49
   40   34   33   33   33   32   31   30   29
